         NEET UG 2024 FINAL ANSWER KEY - DATE OF EXAM - 05.05.2024
                                 BOOK CODE : T6 
   |---------------------------------------------------------------------------|
   |QNO |RES|QNO |RES|QNO |RES|QNO |RES| QNO |RES| QNO |RES| QNO |RES| QNO |RES| 
   |----|---|----|---|----|---|----|---|-----|---|-----|---|-----|---|-----|---| 
|   1 | 2 |   2 | 1 |   3 | 4 |   4 | 5 |   5 | 4 |   6 | 4 |   7 | 3 |   8 | 4 |
|   9 | 4 |  10 | 4 |  11 | 3 |  12 | B |  13 | 3 |  14 | 3 |  15 | 4 |  16 | 3 |
|  17 | 4 |  18 | 3 |  19 | 3 |  20 | E |  21 | 2 |  22 | 4 |  23 | 2 |  24 | 3 |
|  25 | 3 |  26 | 1 |  27 | 2 |  28 | 2 |  29 | 1 |  30 | 1 |  31 | 2 |  32 | 2 |
|  33 | 1 |  34 | 2 |  35 | B |  36 | 4 |  37 | 2 |  38 | 3 |  39 | 4 |  40 | 4 |
|  41 | 4 |  42 | 1 |  43 | 4 |  44 | 4 |  45 | 4 |  46 | 4 |  47 | 2 |  48 | 4 |
|  49 | 4 |  50 | 3 |  51 | 2 |  52 | 3 |  53 | 3 |  54 | 2 |  55 | 2 |  56 | 1 |
|  57 | 4 |  58 | 3 |  59 | 2 |  60 | 3 |  61 | 3 |  62 | 2 |  63 | 4 |  64 | 1 |
|  65 | 4 |  66 | 3 |  67 | 4 |  68 | 4 |  69 | 4 |  70 | 1 |  71 | 2 |  72 | 3 |
|  73 | 3 |  74 | 1 |  75 | 2 |  76 | 3 |  77 | 3 |  78 | 1 |  79 | 3 |  80 | 2 |
|  81 | 1 |  82 | 3 |  83 | 1 |  84 | 3 |  85 | 3 |  86 | 4 |  87 | 4 |  88 | 2 |
|  89 | 4 |  90 | 2 |  91 | 3 |  92 | 3 |  93 | 2 |  94 | 2 |  95 | 3 |  96 | 4 |
|  97 | 3 |  98 | 3 |  99 | 3 | 100 | 3 | 101 | 4 | 102 | 3 | 103 | 3 | 104 | 2 |
| 105 | 1 | 106 | 3 | 107 | 4 | 108 | 4 | 109 | 1 | 110 | 2 | 111 | 1 | 112 | 4 |
| 113 | 3 | 114 | 2 | 115 | 1 | 116 | 3 | 117 | 1 | 118 | 3 | 119 | 3 | 120 | 1 |
| 121 | 4 | 122 | 1 | 123 | 2 | 124 | 4 | 125 | 1 | 126 | 3 | 127 | 2 | 128 | 2 |
| 129 | 2 | 130 | 4 | 131 | 3 | 132 | 1 | 133 | 4 | 134 | 1 | 135 | 1 | 136 | 1 |
| 137 | 4 | 138 | 3 | 139 | 1 | 140 | 2 | 141 | 1 | 142 | 3 | 143 | 4 | 144 | 4 |
| 145 | 4 | 146 | 4 | 147 | 3 | 148 | 1 | 149 | 1 | 150 | 3 | 151 | 1 | 152 | 1 |
| 153 | 4 | 154 | 2 | 155 | 3 | 156 | 2 | 157 | 4 | 158 | 3 | 159 | 2 | 160 | 1 |
| 161 | 4 | 162 | 2 | 163 | 4 | 164 | 4 | 165 | 1 | 166 | 1 | 167 | 2 | 168 | 4 |
| 169 | 4 | 170 | 2 | 171 | 1 | 172 | 1 | 173 | 2 | 174 | 4 | 175 | 1 | 176 | 4 |
| 177 | 2 | 178 | 1 | 179 | 4 | 180 | 2 | 181 | 2 | 182 | 4 | 183 | 3 | 184 | 3 |
| 185 | 3 | 186 | 1 | 187 | 3 | 188 | 3 | 189 | 4 | 190 | 1 | 191 | 2 | 192 | 1 |
| 193 | 3 | 194 | 3 | 195 | 2 | 196 | 1 | 197 | 1 | 198 | 2 | 199 | 2 | 200 | 3 |
   |---------------------------------------------------------------------------|
 B DENOTES BOTH 1 & 3 ARE CORRECT  
 E DENOTES BOTH 2 & 4 ARE CORRECT  
 5 DENOTES QUESTION IS DROPPED
